{
 "cells": [
  {
   "cell_type": "code",
   "execution_count": 50,
   "id": "2a5a7a77",
   "metadata": {
    "ExecuteTime": {
     "end_time": "2021-08-21T15:59:54.895225Z",
     "start_time": "2021-08-21T15:59:54.863190Z"
    }
   },
   "outputs": [],
   "source": [
    "import numpy as np\n",
    "import pandas as pd"
   ]
  },
  {
   "cell_type": "markdown",
   "id": "a9a03c03",
   "metadata": {},
   "source": [
    "- El método de PCA permite por lo tanto “condensar” la información aportada por múltiples variables en solo unas pocas componentes. Esto lo convierte en un método muy útil de aplicar previa utilización de otras técnicas estadísticas tales como regresión, clustering… Aun así no hay que olvidar que sigue siendo necesario disponer del valor de las variables originales para calcular las componentes."
   ]
  },
  {
   "cell_type": "code",
   "execution_count": 51,
   "id": "f5e2f9aa",
   "metadata": {
    "ExecuteTime": {
     "end_time": "2021-08-21T16:12:58.410153Z",
     "start_time": "2021-08-21T16:12:58.397109Z"
    }
   },
   "outputs": [],
   "source": [
    "#Generamos un dataset de ayuda\n",
    "X = np.random.randint(10,50,100).reshape(20,5) "
   ]
  },
  {
   "cell_type": "code",
   "execution_count": 52,
   "id": "5931827c",
   "metadata": {
    "ExecuteTime": {
     "end_time": "2021-08-21T16:00:21.905111Z",
     "start_time": "2021-08-21T16:00:21.895117Z"
    },
    "scrolled": true
   },
   "outputs": [
    {
     "data": {
      "text/html": [
       "<div>\n",
       "<style scoped>\n",
       "    .dataframe tbody tr th:only-of-type {\n",
       "        vertical-align: middle;\n",
       "    }\n",
       "\n",
       "    .dataframe tbody tr th {\n",
       "        vertical-align: top;\n",
       "    }\n",
       "\n",
       "    .dataframe thead th {\n",
       "        text-align: right;\n",
       "    }\n",
       "</style>\n",
       "<table border=\"1\" class=\"dataframe\">\n",
       "  <thead>\n",
       "    <tr style=\"text-align: right;\">\n",
       "      <th></th>\n",
       "      <th>0</th>\n",
       "      <th>1</th>\n",
       "      <th>2</th>\n",
       "      <th>3</th>\n",
       "      <th>4</th>\n",
       "    </tr>\n",
       "  </thead>\n",
       "  <tbody>\n",
       "    <tr>\n",
       "      <th>0</th>\n",
       "      <td>40</td>\n",
       "      <td>22</td>\n",
       "      <td>19</td>\n",
       "      <td>47</td>\n",
       "      <td>46</td>\n",
       "    </tr>\n",
       "    <tr>\n",
       "      <th>1</th>\n",
       "      <td>15</td>\n",
       "      <td>17</td>\n",
       "      <td>22</td>\n",
       "      <td>44</td>\n",
       "      <td>27</td>\n",
       "    </tr>\n",
       "    <tr>\n",
       "      <th>2</th>\n",
       "      <td>13</td>\n",
       "      <td>19</td>\n",
       "      <td>49</td>\n",
       "      <td>41</td>\n",
       "      <td>39</td>\n",
       "    </tr>\n",
       "    <tr>\n",
       "      <th>3</th>\n",
       "      <td>11</td>\n",
       "      <td>23</td>\n",
       "      <td>39</td>\n",
       "      <td>31</td>\n",
       "      <td>10</td>\n",
       "    </tr>\n",
       "    <tr>\n",
       "      <th>4</th>\n",
       "      <td>34</td>\n",
       "      <td>27</td>\n",
       "      <td>12</td>\n",
       "      <td>46</td>\n",
       "      <td>46</td>\n",
       "    </tr>\n",
       "    <tr>\n",
       "      <th>5</th>\n",
       "      <td>16</td>\n",
       "      <td>12</td>\n",
       "      <td>19</td>\n",
       "      <td>44</td>\n",
       "      <td>26</td>\n",
       "    </tr>\n",
       "    <tr>\n",
       "      <th>6</th>\n",
       "      <td>43</td>\n",
       "      <td>12</td>\n",
       "      <td>13</td>\n",
       "      <td>39</td>\n",
       "      <td>30</td>\n",
       "    </tr>\n",
       "    <tr>\n",
       "      <th>7</th>\n",
       "      <td>35</td>\n",
       "      <td>40</td>\n",
       "      <td>12</td>\n",
       "      <td>27</td>\n",
       "      <td>10</td>\n",
       "    </tr>\n",
       "    <tr>\n",
       "      <th>8</th>\n",
       "      <td>48</td>\n",
       "      <td>46</td>\n",
       "      <td>31</td>\n",
       "      <td>47</td>\n",
       "      <td>35</td>\n",
       "    </tr>\n",
       "    <tr>\n",
       "      <th>9</th>\n",
       "      <td>23</td>\n",
       "      <td>27</td>\n",
       "      <td>16</td>\n",
       "      <td>20</td>\n",
       "      <td>37</td>\n",
       "    </tr>\n",
       "    <tr>\n",
       "      <th>10</th>\n",
       "      <td>27</td>\n",
       "      <td>45</td>\n",
       "      <td>20</td>\n",
       "      <td>10</td>\n",
       "      <td>32</td>\n",
       "    </tr>\n",
       "    <tr>\n",
       "      <th>11</th>\n",
       "      <td>47</td>\n",
       "      <td>25</td>\n",
       "      <td>12</td>\n",
       "      <td>18</td>\n",
       "      <td>47</td>\n",
       "    </tr>\n",
       "    <tr>\n",
       "      <th>12</th>\n",
       "      <td>38</td>\n",
       "      <td>43</td>\n",
       "      <td>19</td>\n",
       "      <td>16</td>\n",
       "      <td>41</td>\n",
       "    </tr>\n",
       "    <tr>\n",
       "      <th>13</th>\n",
       "      <td>41</td>\n",
       "      <td>16</td>\n",
       "      <td>12</td>\n",
       "      <td>43</td>\n",
       "      <td>13</td>\n",
       "    </tr>\n",
       "    <tr>\n",
       "      <th>14</th>\n",
       "      <td>44</td>\n",
       "      <td>24</td>\n",
       "      <td>23</td>\n",
       "      <td>40</td>\n",
       "      <td>11</td>\n",
       "    </tr>\n",
       "    <tr>\n",
       "      <th>15</th>\n",
       "      <td>40</td>\n",
       "      <td>25</td>\n",
       "      <td>14</td>\n",
       "      <td>30</td>\n",
       "      <td>45</td>\n",
       "    </tr>\n",
       "    <tr>\n",
       "      <th>16</th>\n",
       "      <td>25</td>\n",
       "      <td>14</td>\n",
       "      <td>47</td>\n",
       "      <td>26</td>\n",
       "      <td>39</td>\n",
       "    </tr>\n",
       "    <tr>\n",
       "      <th>17</th>\n",
       "      <td>44</td>\n",
       "      <td>15</td>\n",
       "      <td>49</td>\n",
       "      <td>31</td>\n",
       "      <td>25</td>\n",
       "    </tr>\n",
       "    <tr>\n",
       "      <th>18</th>\n",
       "      <td>10</td>\n",
       "      <td>49</td>\n",
       "      <td>12</td>\n",
       "      <td>39</td>\n",
       "      <td>32</td>\n",
       "    </tr>\n",
       "    <tr>\n",
       "      <th>19</th>\n",
       "      <td>10</td>\n",
       "      <td>30</td>\n",
       "      <td>14</td>\n",
       "      <td>21</td>\n",
       "      <td>13</td>\n",
       "    </tr>\n",
       "  </tbody>\n",
       "</table>\n",
       "</div>"
      ],
      "text/plain": [
       "     0   1   2   3   4\n",
       "0   40  22  19  47  46\n",
       "1   15  17  22  44  27\n",
       "2   13  19  49  41  39\n",
       "3   11  23  39  31  10\n",
       "4   34  27  12  46  46\n",
       "5   16  12  19  44  26\n",
       "6   43  12  13  39  30\n",
       "7   35  40  12  27  10\n",
       "8   48  46  31  47  35\n",
       "9   23  27  16  20  37\n",
       "10  27  45  20  10  32\n",
       "11  47  25  12  18  47\n",
       "12  38  43  19  16  41\n",
       "13  41  16  12  43  13\n",
       "14  44  24  23  40  11\n",
       "15  40  25  14  30  45\n",
       "16  25  14  47  26  39\n",
       "17  44  15  49  31  25\n",
       "18  10  49  12  39  32\n",
       "19  10  30  14  21  13"
      ]
     },
     "execution_count": 52,
     "metadata": {},
     "output_type": "execute_result"
    }
   ],
   "source": [
    "pd.DataFrame(X)"
   ]
  },
  {
   "cell_type": "code",
   "execution_count": 53,
   "id": "5c4a51ec",
   "metadata": {
    "ExecuteTime": {
     "end_time": "2021-08-21T16:00:55.726105Z",
     "start_time": "2021-08-21T16:00:55.721112Z"
    }
   },
   "outputs": [],
   "source": [
    "# Obtenemos la media de cada variable y la restamos a los registros para centralizar la infomación\n",
    "X_meaned = X - np.mean(X , axis = 0)"
   ]
  },
  {
   "cell_type": "code",
   "execution_count": 54,
   "id": "16fbb600",
   "metadata": {
    "scrolled": true
   },
   "outputs": [
    {
     "data": {
      "text/plain": [
       "array([[  9.8 ,  -4.55,  -3.7 ,  14.  ,  15.8 ],\n",
       "       [-15.2 ,  -9.55,  -0.7 ,  11.  ,  -3.2 ],\n",
       "       [-17.2 ,  -7.55,  26.3 ,   8.  ,   8.8 ],\n",
       "       [-19.2 ,  -3.55,  16.3 ,  -2.  , -20.2 ],\n",
       "       [  3.8 ,   0.45, -10.7 ,  13.  ,  15.8 ],\n",
       "       [-14.2 , -14.55,  -3.7 ,  11.  ,  -4.2 ],\n",
       "       [ 12.8 , -14.55,  -9.7 ,   6.  ,  -0.2 ],\n",
       "       [  4.8 ,  13.45, -10.7 ,  -6.  , -20.2 ],\n",
       "       [ 17.8 ,  19.45,   8.3 ,  14.  ,   4.8 ],\n",
       "       [ -7.2 ,   0.45,  -6.7 , -13.  ,   6.8 ],\n",
       "       [ -3.2 ,  18.45,  -2.7 , -23.  ,   1.8 ],\n",
       "       [ 16.8 ,  -1.55, -10.7 , -15.  ,  16.8 ],\n",
       "       [  7.8 ,  16.45,  -3.7 , -17.  ,  10.8 ],\n",
       "       [ 10.8 , -10.55, -10.7 ,  10.  , -17.2 ],\n",
       "       [ 13.8 ,  -2.55,   0.3 ,   7.  , -19.2 ],\n",
       "       [  9.8 ,  -1.55,  -8.7 ,  -3.  ,  14.8 ],\n",
       "       [ -5.2 , -12.55,  24.3 ,  -7.  ,   8.8 ],\n",
       "       [ 13.8 , -11.55,  26.3 ,  -2.  ,  -5.2 ],\n",
       "       [-20.2 ,  22.45, -10.7 ,   6.  ,   1.8 ],\n",
       "       [-20.2 ,   3.45,  -8.7 , -12.  , -17.2 ]])"
      ]
     },
     "execution_count": 54,
     "metadata": {},
     "output_type": "execute_result"
    }
   ],
   "source": [
    "X_meaned"
   ]
  },
  {
   "cell_type": "code",
   "execution_count": 55,
   "id": "e66ed27e",
   "metadata": {
    "ExecuteTime": {
     "end_time": "2021-08-21T16:01:35.065484Z",
     "start_time": "2021-08-21T16:01:35.046462Z"
    }
   },
   "outputs": [
    {
     "data": {
      "text/plain": [
       "array([30.2 , 26.55, 22.7 , 33.  , 30.2 ])"
      ]
     },
     "execution_count": 55,
     "metadata": {},
     "output_type": "execute_result"
    }
   ],
   "source": [
    "np.mean(X , axis = 0)"
   ]
  },
  {
   "cell_type": "code",
   "execution_count": 56,
   "id": "8e6637b2",
   "metadata": {
    "ExecuteTime": {
     "end_time": "2021-08-21T16:02:20.647345Z",
     "start_time": "2021-08-21T16:02:20.638341Z"
    }
   },
   "outputs": [],
   "source": [
    "# Calculaos la matriz de covarianzas\n",
    "cov_mat = np.cov(X_meaned , rowvar = False)"
   ]
  },
  {
   "cell_type": "code",
   "execution_count": 57,
   "id": "17f48119",
   "metadata": {
    "ExecuteTime": {
     "end_time": "2021-08-21T16:03:06.215446Z",
     "start_time": "2021-08-21T16:03:06.192453Z"
    }
   },
   "outputs": [
    {
     "data": {
      "text/html": [
       "<div>\n",
       "<style scoped>\n",
       "    .dataframe tbody tr th:only-of-type {\n",
       "        vertical-align: middle;\n",
       "    }\n",
       "\n",
       "    .dataframe tbody tr th {\n",
       "        vertical-align: top;\n",
       "    }\n",
       "\n",
       "    .dataframe thead th {\n",
       "        text-align: right;\n",
       "    }\n",
       "</style>\n",
       "<table border=\"1\" class=\"dataframe\">\n",
       "  <thead>\n",
       "    <tr style=\"text-align: right;\">\n",
       "      <th></th>\n",
       "      <th>0</th>\n",
       "      <th>1</th>\n",
       "      <th>2</th>\n",
       "      <th>3</th>\n",
       "      <th>4</th>\n",
       "    </tr>\n",
       "  </thead>\n",
       "  <tbody>\n",
       "    <tr>\n",
       "      <th>0</th>\n",
       "      <td>187.010526</td>\n",
       "      <td>-0.536842</td>\n",
       "      <td>-27.726316</td>\n",
       "      <td>7.842105</td>\n",
       "      <td>39.221053</td>\n",
       "    </tr>\n",
       "    <tr>\n",
       "      <th>1</th>\n",
       "      <td>-0.536842</td>\n",
       "      <td>142.365789</td>\n",
       "      <td>-46.089474</td>\n",
       "      <td>-45.947368</td>\n",
       "      <td>9.621053</td>\n",
       "    </tr>\n",
       "    <tr>\n",
       "      <th>2</th>\n",
       "      <td>-27.726316</td>\n",
       "      <td>-46.089474</td>\n",
       "      <td>169.484211</td>\n",
       "      <td>9.052632</td>\n",
       "      <td>-3.305263</td>\n",
       "    </tr>\n",
       "    <tr>\n",
       "      <th>3</th>\n",
       "      <td>7.842105</td>\n",
       "      <td>-45.947368</td>\n",
       "      <td>9.052632</td>\n",
       "      <td>134.000000</td>\n",
       "      <td>-5.631579</td>\n",
       "    </tr>\n",
       "    <tr>\n",
       "      <th>4</th>\n",
       "      <td>39.221053</td>\n",
       "      <td>9.621053</td>\n",
       "      <td>-3.305263</td>\n",
       "      <td>-5.631579</td>\n",
       "      <td>167.326316</td>\n",
       "    </tr>\n",
       "  </tbody>\n",
       "</table>\n",
       "</div>"
      ],
      "text/plain": [
       "            0           1           2           3           4\n",
       "0  187.010526   -0.536842  -27.726316    7.842105   39.221053\n",
       "1   -0.536842  142.365789  -46.089474  -45.947368    9.621053\n",
       "2  -27.726316  -46.089474  169.484211    9.052632   -3.305263\n",
       "3    7.842105  -45.947368    9.052632  134.000000   -5.631579\n",
       "4   39.221053    9.621053   -3.305263   -5.631579  167.326316"
      ]
     },
     "execution_count": 57,
     "metadata": {},
     "output_type": "execute_result"
    }
   ],
   "source": [
    "pd.DataFrame(cov_mat)"
   ]
  },
  {
   "cell_type": "code",
   "execution_count": 58,
   "id": "6553af7f",
   "metadata": {
    "ExecuteTime": {
     "end_time": "2021-08-21T16:04:01.651529Z",
     "start_time": "2021-08-21T16:04:01.638527Z"
    }
   },
   "outputs": [],
   "source": [
    "#Calculamos los eigenvectores y eigenvalores\n",
    "eigen_values , eigen_vectors = np.linalg.eigh(cov_mat)"
   ]
  },
  {
   "cell_type": "code",
   "execution_count": 59,
   "id": "84fafa31",
   "metadata": {
    "ExecuteTime": {
     "end_time": "2021-08-21T16:04:02.906320Z",
     "start_time": "2021-08-21T16:04:02.901301Z"
    }
   },
   "outputs": [
    {
     "data": {
      "text/plain": [
       "array([ 82.98853203, 120.26580751, 155.6535956 , 203.03021352,\n",
       "       238.24869344])"
      ]
     },
     "execution_count": 59,
     "metadata": {},
     "output_type": "execute_result"
    }
   ],
   "source": [
    "eigen_values"
   ]
  },
  {
   "cell_type": "code",
   "execution_count": 60,
   "id": "278c1e47",
   "metadata": {
    "ExecuteTime": {
     "end_time": "2021-08-21T16:04:03.247842Z",
     "start_time": "2021-08-21T16:04:03.231844Z"
    }
   },
   "outputs": [
    {
     "data": {
      "text/plain": [
       "array([[ 0.07993773,  0.5360087 , -0.26027111,  0.55258215, -0.57724912],\n",
       "       [ 0.73049703,  0.08601925,  0.18024343, -0.51870606, -0.39677589],\n",
       "       [ 0.35201182,  0.44374766,  0.52056443,  0.33325674,  0.54509477],\n",
       "       [ 0.57568279, -0.51357371, -0.43202679,  0.42155925,  0.20117658],\n",
       "       [-0.06827186, -0.49459621,  0.66493367,  0.36989827, -0.41442975]])"
      ]
     },
     "execution_count": 60,
     "metadata": {},
     "output_type": "execute_result"
    }
   ],
   "source": [
    "eigen_vectors "
   ]
  },
  {
   "cell_type": "code",
   "execution_count": 61,
   "id": "99a98ee1",
   "metadata": {
    "ExecuteTime": {
     "end_time": "2021-08-21T16:05:28.442514Z",
     "start_time": "2021-08-21T16:05:28.437510Z"
    }
   },
   "outputs": [],
   "source": [
    "#Ordenamos los valores propios en orden descendente\n",
    "sorted_index = np.argsort(eigen_values)[::-1]\n",
    "\n",
    "sorted_eigenvalue = eigen_values[sorted_index]\n",
    "#ordenar de manera similar los eigenvectores\n",
    "sorted_eigenvectors = eigen_vectors[:,sorted_index]"
   ]
  },
  {
   "cell_type": "code",
   "execution_count": 62,
   "id": "72702896",
   "metadata": {
    "ExecuteTime": {
     "end_time": "2021-08-21T16:05:30.117464Z",
     "start_time": "2021-08-21T16:05:30.101434Z"
    }
   },
   "outputs": [
    {
     "data": {
      "text/plain": [
       "array([238.24869344, 203.03021352, 155.6535956 , 120.26580751,\n",
       "        82.98853203])"
      ]
     },
     "execution_count": 62,
     "metadata": {},
     "output_type": "execute_result"
    }
   ],
   "source": [
    "sorted_eigenvalue "
   ]
  },
  {
   "cell_type": "code",
   "execution_count": 64,
   "id": "858df412",
   "metadata": {
    "ExecuteTime": {
     "end_time": "2021-08-21T16:05:35.035050Z",
     "start_time": "2021-08-21T16:05:35.019010Z"
    }
   },
   "outputs": [
    {
     "data": {
      "text/plain": [
       "array([[-0.57724912,  0.55258215, -0.26027111,  0.5360087 ,  0.07993773],\n",
       "       [-0.39677589, -0.51870606,  0.18024343,  0.08601925,  0.73049703],\n",
       "       [ 0.54509477,  0.33325674,  0.52056443,  0.44374766,  0.35201182],\n",
       "       [ 0.20117658,  0.42155925, -0.43202679, -0.51357371,  0.57568279],\n",
       "       [-0.41442975,  0.36989827,  0.66493367, -0.49459621, -0.06827186]])"
      ]
     },
     "execution_count": 64,
     "metadata": {},
     "output_type": "execute_result"
    }
   ],
   "source": [
    "sorted_eigenvectors "
   ]
  },
  {
   "cell_type": "code",
   "execution_count": null,
   "id": "35161270",
   "metadata": {},
   "outputs": [],
   "source": []
  },
  {
   "cell_type": "code",
   "execution_count": 65,
   "id": "0301aa7b",
   "metadata": {
    "ExecuteTime": {
     "end_time": "2021-08-21T16:06:47.040668Z",
     "start_time": "2021-08-21T16:06:47.025661Z"
    }
   },
   "outputs": [],
   "source": [
    "# seleccione los primeros n vectores propios, n es la dimensión deseada\n",
    "# de nuestros datos reducidos finales.\n",
    " \n",
    "n_components = 2 #Número de componenetes\n",
    "eigenvector_subset = sorted_eigenvectors[:,0:n_components]"
   ]
  },
  {
   "cell_type": "code",
   "execution_count": 66,
   "id": "629f3d9e",
   "metadata": {
    "ExecuteTime": {
     "end_time": "2021-08-21T16:06:48.166201Z",
     "start_time": "2021-08-21T16:06:48.160193Z"
    }
   },
   "outputs": [
    {
     "data": {
      "text/plain": [
       "array([[-0.57724912,  0.55258215],\n",
       "       [-0.39677589, -0.51870606],\n",
       "       [ 0.54509477,  0.33325674],\n",
       "       [ 0.20117658,  0.42155925],\n",
       "       [-0.41442975,  0.36989827]])"
      ]
     },
     "execution_count": 66,
     "metadata": {},
     "output_type": "execute_result"
    }
   ],
   "source": [
    "eigenvector_subset"
   ]
  },
  {
   "cell_type": "code",
   "execution_count": 67,
   "id": "60ca5fde",
   "metadata": {
    "scrolled": true
   },
   "outputs": [
    {
     "data": {
      "text/plain": [
       "array([[  9.8 ,  -4.55,  -3.7 ,  14.  ,  15.8 ],\n",
       "       [-15.2 ,  -9.55,  -0.7 ,  11.  ,  -3.2 ],\n",
       "       [-17.2 ,  -7.55,  26.3 ,   8.  ,   8.8 ],\n",
       "       [-19.2 ,  -3.55,  16.3 ,  -2.  , -20.2 ],\n",
       "       [  3.8 ,   0.45, -10.7 ,  13.  ,  15.8 ],\n",
       "       [-14.2 , -14.55,  -3.7 ,  11.  ,  -4.2 ],\n",
       "       [ 12.8 , -14.55,  -9.7 ,   6.  ,  -0.2 ],\n",
       "       [  4.8 ,  13.45, -10.7 ,  -6.  , -20.2 ],\n",
       "       [ 17.8 ,  19.45,   8.3 ,  14.  ,   4.8 ],\n",
       "       [ -7.2 ,   0.45,  -6.7 , -13.  ,   6.8 ],\n",
       "       [ -3.2 ,  18.45,  -2.7 , -23.  ,   1.8 ],\n",
       "       [ 16.8 ,  -1.55, -10.7 , -15.  ,  16.8 ],\n",
       "       [  7.8 ,  16.45,  -3.7 , -17.  ,  10.8 ],\n",
       "       [ 10.8 , -10.55, -10.7 ,  10.  , -17.2 ],\n",
       "       [ 13.8 ,  -2.55,   0.3 ,   7.  , -19.2 ],\n",
       "       [  9.8 ,  -1.55,  -8.7 ,  -3.  ,  14.8 ],\n",
       "       [ -5.2 , -12.55,  24.3 ,  -7.  ,   8.8 ],\n",
       "       [ 13.8 , -11.55,  26.3 ,  -2.  ,  -5.2 ],\n",
       "       [-20.2 ,  22.45, -10.7 ,   6.  ,   1.8 ],\n",
       "       [-20.2 ,   3.45,  -8.7 , -12.  , -17.2 ]])"
      ]
     },
     "execution_count": 67,
     "metadata": {},
     "output_type": "execute_result"
    }
   ],
   "source": [
    "X_meaned"
   ]
  },
  {
   "cell_type": "code",
   "execution_count": null,
   "id": "2a102ddb",
   "metadata": {},
   "outputs": [],
   "source": [
    "[  9.8 ,  -4.55,  -3.7 ,  14.  ,  15.8 ] X (1,2,3,4,5)"
   ]
  },
  {
   "cell_type": "code",
   "execution_count": null,
   "id": "9c2cc427",
   "metadata": {},
   "outputs": [],
   "source": []
  },
  {
   "cell_type": "code",
   "execution_count": 68,
   "id": "af7ae7ec",
   "metadata": {
    "ExecuteTime": {
     "end_time": "2021-08-21T16:11:26.854961Z",
     "start_time": "2021-08-21T16:11:26.845962Z"
    }
   },
   "outputs": [],
   "source": [
    "#Multiplicmos los eigenvectores por la X una vez aplicada la media\n",
    "X_reduced = np.dot(eigenvector_subset.transpose(),X_meaned.transpose()).transpose()"
   ]
  },
  {
   "cell_type": "code",
   "execution_count": 69,
   "id": "b3f61b15",
   "metadata": {
    "ExecuteTime": {
     "end_time": "2021-08-21T16:10:09.934568Z",
     "start_time": "2021-08-21T16:10:09.912562Z"
    }
   },
   "outputs": [
    {
     "data": {
      "text/html": [
       "<div>\n",
       "<style scoped>\n",
       "    .dataframe tbody tr th:only-of-type {\n",
       "        vertical-align: middle;\n",
       "    }\n",
       "\n",
       "    .dataframe tbody tr th {\n",
       "        vertical-align: top;\n",
       "    }\n",
       "\n",
       "    .dataframe thead th {\n",
       "        text-align: right;\n",
       "    }\n",
       "</style>\n",
       "<table border=\"1\" class=\"dataframe\">\n",
       "  <thead>\n",
       "    <tr style=\"text-align: right;\">\n",
       "      <th></th>\n",
       "      <th>0</th>\n",
       "      <th>1</th>\n",
       "      <th>2</th>\n",
       "      <th>3</th>\n",
       "      <th>4</th>\n",
       "    </tr>\n",
       "  </thead>\n",
       "  <tbody>\n",
       "    <tr>\n",
       "      <th>0</th>\n",
       "      <td>-0.577249</td>\n",
       "      <td>-0.396776</td>\n",
       "      <td>0.545095</td>\n",
       "      <td>0.201177</td>\n",
       "      <td>-0.414430</td>\n",
       "    </tr>\n",
       "    <tr>\n",
       "      <th>1</th>\n",
       "      <td>0.552582</td>\n",
       "      <td>-0.518706</td>\n",
       "      <td>0.333257</td>\n",
       "      <td>0.421559</td>\n",
       "      <td>0.369898</td>\n",
       "    </tr>\n",
       "  </tbody>\n",
       "</table>\n",
       "</div>"
      ],
      "text/plain": [
       "          0         1         2         3         4\n",
       "0 -0.577249 -0.396776  0.545095  0.201177 -0.414430\n",
       "1  0.552582 -0.518706  0.333257  0.421559  0.369898"
      ]
     },
     "execution_count": 69,
     "metadata": {},
     "output_type": "execute_result"
    }
   ],
   "source": [
    "#Matrix de (2,5)\n",
    "pd.DataFrame(eigenvector_subset.transpose())"
   ]
  },
  {
   "cell_type": "code",
   "execution_count": null,
   "id": "7fe454ac",
   "metadata": {},
   "outputs": [],
   "source": [
    "(2,5)x(5,19)=(2,19)"
   ]
  },
  {
   "cell_type": "code",
   "execution_count": 70,
   "id": "930c6c37",
   "metadata": {
    "ExecuteTime": {
     "end_time": "2021-08-21T16:11:36.031996Z",
     "start_time": "2021-08-21T16:11:35.998993Z"
    },
    "scrolled": true
   },
   "outputs": [
    {
     "data": {
      "text/html": [
       "<div>\n",
       "<style scoped>\n",
       "    .dataframe tbody tr th:only-of-type {\n",
       "        vertical-align: middle;\n",
       "    }\n",
       "\n",
       "    .dataframe tbody tr th {\n",
       "        vertical-align: top;\n",
       "    }\n",
       "\n",
       "    .dataframe thead th {\n",
       "        text-align: right;\n",
       "    }\n",
       "</style>\n",
       "<table border=\"1\" class=\"dataframe\">\n",
       "  <thead>\n",
       "    <tr style=\"text-align: right;\">\n",
       "      <th></th>\n",
       "      <th>0</th>\n",
       "      <th>1</th>\n",
       "      <th>2</th>\n",
       "      <th>3</th>\n",
       "      <th>4</th>\n",
       "      <th>5</th>\n",
       "      <th>6</th>\n",
       "      <th>7</th>\n",
       "      <th>8</th>\n",
       "      <th>9</th>\n",
       "      <th>10</th>\n",
       "      <th>11</th>\n",
       "      <th>12</th>\n",
       "      <th>13</th>\n",
       "      <th>14</th>\n",
       "      <th>15</th>\n",
       "      <th>16</th>\n",
       "      <th>17</th>\n",
       "      <th>18</th>\n",
       "      <th>19</th>\n",
       "    </tr>\n",
       "  </thead>\n",
       "  <tbody>\n",
       "    <tr>\n",
       "      <th>0</th>\n",
       "      <td>9.80</td>\n",
       "      <td>-15.20</td>\n",
       "      <td>-17.20</td>\n",
       "      <td>-19.20</td>\n",
       "      <td>3.80</td>\n",
       "      <td>-14.20</td>\n",
       "      <td>12.80</td>\n",
       "      <td>4.80</td>\n",
       "      <td>17.80</td>\n",
       "      <td>-7.20</td>\n",
       "      <td>-3.20</td>\n",
       "      <td>16.80</td>\n",
       "      <td>7.80</td>\n",
       "      <td>10.80</td>\n",
       "      <td>13.80</td>\n",
       "      <td>9.80</td>\n",
       "      <td>-5.20</td>\n",
       "      <td>13.80</td>\n",
       "      <td>-20.20</td>\n",
       "      <td>-20.20</td>\n",
       "    </tr>\n",
       "    <tr>\n",
       "      <th>1</th>\n",
       "      <td>-4.55</td>\n",
       "      <td>-9.55</td>\n",
       "      <td>-7.55</td>\n",
       "      <td>-3.55</td>\n",
       "      <td>0.45</td>\n",
       "      <td>-14.55</td>\n",
       "      <td>-14.55</td>\n",
       "      <td>13.45</td>\n",
       "      <td>19.45</td>\n",
       "      <td>0.45</td>\n",
       "      <td>18.45</td>\n",
       "      <td>-1.55</td>\n",
       "      <td>16.45</td>\n",
       "      <td>-10.55</td>\n",
       "      <td>-2.55</td>\n",
       "      <td>-1.55</td>\n",
       "      <td>-12.55</td>\n",
       "      <td>-11.55</td>\n",
       "      <td>22.45</td>\n",
       "      <td>3.45</td>\n",
       "    </tr>\n",
       "    <tr>\n",
       "      <th>2</th>\n",
       "      <td>-3.70</td>\n",
       "      <td>-0.70</td>\n",
       "      <td>26.30</td>\n",
       "      <td>16.30</td>\n",
       "      <td>-10.70</td>\n",
       "      <td>-3.70</td>\n",
       "      <td>-9.70</td>\n",
       "      <td>-10.70</td>\n",
       "      <td>8.30</td>\n",
       "      <td>-6.70</td>\n",
       "      <td>-2.70</td>\n",
       "      <td>-10.70</td>\n",
       "      <td>-3.70</td>\n",
       "      <td>-10.70</td>\n",
       "      <td>0.30</td>\n",
       "      <td>-8.70</td>\n",
       "      <td>24.30</td>\n",
       "      <td>26.30</td>\n",
       "      <td>-10.70</td>\n",
       "      <td>-8.70</td>\n",
       "    </tr>\n",
       "    <tr>\n",
       "      <th>3</th>\n",
       "      <td>14.00</td>\n",
       "      <td>11.00</td>\n",
       "      <td>8.00</td>\n",
       "      <td>-2.00</td>\n",
       "      <td>13.00</td>\n",
       "      <td>11.00</td>\n",
       "      <td>6.00</td>\n",
       "      <td>-6.00</td>\n",
       "      <td>14.00</td>\n",
       "      <td>-13.00</td>\n",
       "      <td>-23.00</td>\n",
       "      <td>-15.00</td>\n",
       "      <td>-17.00</td>\n",
       "      <td>10.00</td>\n",
       "      <td>7.00</td>\n",
       "      <td>-3.00</td>\n",
       "      <td>-7.00</td>\n",
       "      <td>-2.00</td>\n",
       "      <td>6.00</td>\n",
       "      <td>-12.00</td>\n",
       "    </tr>\n",
       "    <tr>\n",
       "      <th>4</th>\n",
       "      <td>15.80</td>\n",
       "      <td>-3.20</td>\n",
       "      <td>8.80</td>\n",
       "      <td>-20.20</td>\n",
       "      <td>15.80</td>\n",
       "      <td>-4.20</td>\n",
       "      <td>-0.20</td>\n",
       "      <td>-20.20</td>\n",
       "      <td>4.80</td>\n",
       "      <td>6.80</td>\n",
       "      <td>1.80</td>\n",
       "      <td>16.80</td>\n",
       "      <td>10.80</td>\n",
       "      <td>-17.20</td>\n",
       "      <td>-19.20</td>\n",
       "      <td>14.80</td>\n",
       "      <td>8.80</td>\n",
       "      <td>-5.20</td>\n",
       "      <td>1.80</td>\n",
       "      <td>-17.20</td>\n",
       "    </tr>\n",
       "  </tbody>\n",
       "</table>\n",
       "</div>"
      ],
      "text/plain": [
       "      0      1      2      3      4      5      6      7      8      9   \\\n",
       "0   9.80 -15.20 -17.20 -19.20   3.80 -14.20  12.80   4.80  17.80  -7.20   \n",
       "1  -4.55  -9.55  -7.55  -3.55   0.45 -14.55 -14.55  13.45  19.45   0.45   \n",
       "2  -3.70  -0.70  26.30  16.30 -10.70  -3.70  -9.70 -10.70   8.30  -6.70   \n",
       "3  14.00  11.00   8.00  -2.00  13.00  11.00   6.00  -6.00  14.00 -13.00   \n",
       "4  15.80  -3.20   8.80 -20.20  15.80  -4.20  -0.20 -20.20   4.80   6.80   \n",
       "\n",
       "      10     11     12     13     14     15     16     17     18     19  \n",
       "0  -3.20  16.80   7.80  10.80  13.80   9.80  -5.20  13.80 -20.20 -20.20  \n",
       "1  18.45  -1.55  16.45 -10.55  -2.55  -1.55 -12.55 -11.55  22.45   3.45  \n",
       "2  -2.70 -10.70  -3.70 -10.70   0.30  -8.70  24.30  26.30 -10.70  -8.70  \n",
       "3 -23.00 -15.00 -17.00  10.00   7.00  -3.00  -7.00  -2.00   6.00 -12.00  \n",
       "4   1.80  16.80  10.80 -17.20 -19.20  14.80   8.80  -5.20   1.80 -17.20  "
      ]
     },
     "execution_count": 70,
     "metadata": {},
     "output_type": "execute_result"
    }
   ],
   "source": [
    "#Matrix de (5,19)\n",
    "pd.DataFrame(X_meaned.transpose())"
   ]
  },
  {
   "cell_type": "code",
   "execution_count": 72,
   "id": "001e7f8f",
   "metadata": {
    "ExecuteTime": {
     "end_time": "2021-08-21T16:10:03.608207Z",
     "start_time": "2021-08-21T16:10:03.579206Z"
    }
   },
   "outputs": [
    {
     "data": {
      "text/html": [
       "<div>\n",
       "<style scoped>\n",
       "    .dataframe tbody tr th:only-of-type {\n",
       "        vertical-align: middle;\n",
       "    }\n",
       "\n",
       "    .dataframe tbody tr th {\n",
       "        vertical-align: top;\n",
       "    }\n",
       "\n",
       "    .dataframe thead th {\n",
       "        text-align: right;\n",
       "    }\n",
       "</style>\n",
       "<table border=\"1\" class=\"dataframe\">\n",
       "  <thead>\n",
       "    <tr style=\"text-align: right;\">\n",
       "      <th></th>\n",
       "      <th>0</th>\n",
       "      <th>1</th>\n",
       "      <th>2</th>\n",
       "      <th>3</th>\n",
       "      <th>4</th>\n",
       "      <th>5</th>\n",
       "      <th>6</th>\n",
       "      <th>7</th>\n",
       "      <th>8</th>\n",
       "      <th>9</th>\n",
       "      <th>10</th>\n",
       "      <th>11</th>\n",
       "      <th>12</th>\n",
       "      <th>13</th>\n",
       "      <th>14</th>\n",
       "      <th>15</th>\n",
       "      <th>16</th>\n",
       "      <th>17</th>\n",
       "      <th>18</th>\n",
       "      <th>19</th>\n",
       "    </tr>\n",
       "  </thead>\n",
       "  <tbody>\n",
       "    <tr>\n",
       "      <th>0</th>\n",
       "      <td>-9.60008</td>\n",
       "      <td>15.720948</td>\n",
       "      <td>25.222766</td>\n",
       "      <td>29.34591</td>\n",
       "      <td>-12.137304</td>\n",
       "      <td>15.906723</td>\n",
       "      <td>-5.613173</td>\n",
       "      <td>-6.775524</td>\n",
       "      <td>-12.640829</td>\n",
       "      <td>-5.107908</td>\n",
       "      <td>-12.318109</td>\n",
       "      <td>-24.895365</td>\n",
       "      <td>-20.94220</td>\n",
       "      <td>1.259139</td>\n",
       "      <td>2.574556</td>\n",
       "      <td>-16.521453</td>\n",
       "      <td>16.171818</td>\n",
       "      <td>12.705398</td>\n",
       "      <td>-2.618615</td>\n",
       "      <td>10.263304</td>\n",
       "    </tr>\n",
       "    <tr>\n",
       "      <th>1</th>\n",
       "      <td>18.28859</td>\n",
       "      <td>-0.225408</td>\n",
       "      <td>9.804049</td>\n",
       "      <td>-11.65115</td>\n",
       "      <td>9.625210</td>\n",
       "      <td>1.551036</td>\n",
       "      <td>13.843010</td>\n",
       "      <td>-17.891350</td>\n",
       "      <td>10.190502</td>\n",
       "      <td>-9.409791</td>\n",
       "      <td>-21.268229</td>\n",
       "      <td>6.412430</td>\n",
       "      <td>-8.62723</td>\n",
       "      <td>5.727731</td>\n",
       "      <td>4.897179</td>\n",
       "      <td>7.529783</td>\n",
       "      <td>12.038663</td>\n",
       "      <td>19.614751</td>\n",
       "      <td>-23.177785</td>\n",
       "      <td>-27.271990</td>\n",
       "    </tr>\n",
       "  </tbody>\n",
       "</table>\n",
       "</div>"
      ],
      "text/plain": [
       "         0          1          2         3          4          5          6   \\\n",
       "0  -9.60008  15.720948  25.222766  29.34591 -12.137304  15.906723  -5.613173   \n",
       "1  18.28859  -0.225408   9.804049 -11.65115   9.625210   1.551036  13.843010   \n",
       "\n",
       "          7          8         9          10         11        12        13  \\\n",
       "0  -6.775524 -12.640829 -5.107908 -12.318109 -24.895365 -20.94220  1.259139   \n",
       "1 -17.891350  10.190502 -9.409791 -21.268229   6.412430  -8.62723  5.727731   \n",
       "\n",
       "         14         15         16         17         18         19  \n",
       "0  2.574556 -16.521453  16.171818  12.705398  -2.618615  10.263304  \n",
       "1  4.897179   7.529783  12.038663  19.614751 -23.177785 -27.271990  "
      ]
     },
     "execution_count": 72,
     "metadata": {},
     "output_type": "execute_result"
    }
   ],
   "source": [
    "#Matrix de (2,19)\n",
    "pd.DataFrame(np.dot(eigenvector_subset.transpose(),X_meaned.transpose()))"
   ]
  },
  {
   "cell_type": "code",
   "execution_count": 73,
   "id": "c890b16d",
   "metadata": {
    "ExecuteTime": {
     "end_time": "2021-08-21T16:13:55.555952Z",
     "start_time": "2021-08-21T16:13:55.538883Z"
    },
    "scrolled": true
   },
   "outputs": [
    {
     "data": {
      "text/html": [
       "<div>\n",
       "<style scoped>\n",
       "    .dataframe tbody tr th:only-of-type {\n",
       "        vertical-align: middle;\n",
       "    }\n",
       "\n",
       "    .dataframe tbody tr th {\n",
       "        vertical-align: top;\n",
       "    }\n",
       "\n",
       "    .dataframe thead th {\n",
       "        text-align: right;\n",
       "    }\n",
       "</style>\n",
       "<table border=\"1\" class=\"dataframe\">\n",
       "  <thead>\n",
       "    <tr style=\"text-align: right;\">\n",
       "      <th></th>\n",
       "      <th>0</th>\n",
       "      <th>1</th>\n",
       "      <th>2</th>\n",
       "      <th>3</th>\n",
       "      <th>4</th>\n",
       "    </tr>\n",
       "  </thead>\n",
       "  <tbody>\n",
       "    <tr>\n",
       "      <th>0</th>\n",
       "      <td>9.8</td>\n",
       "      <td>-4.55</td>\n",
       "      <td>-3.7</td>\n",
       "      <td>14.0</td>\n",
       "      <td>15.8</td>\n",
       "    </tr>\n",
       "    <tr>\n",
       "      <th>1</th>\n",
       "      <td>-15.2</td>\n",
       "      <td>-9.55</td>\n",
       "      <td>-0.7</td>\n",
       "      <td>11.0</td>\n",
       "      <td>-3.2</td>\n",
       "    </tr>\n",
       "    <tr>\n",
       "      <th>2</th>\n",
       "      <td>-17.2</td>\n",
       "      <td>-7.55</td>\n",
       "      <td>26.3</td>\n",
       "      <td>8.0</td>\n",
       "      <td>8.8</td>\n",
       "    </tr>\n",
       "    <tr>\n",
       "      <th>3</th>\n",
       "      <td>-19.2</td>\n",
       "      <td>-3.55</td>\n",
       "      <td>16.3</td>\n",
       "      <td>-2.0</td>\n",
       "      <td>-20.2</td>\n",
       "    </tr>\n",
       "    <tr>\n",
       "      <th>4</th>\n",
       "      <td>3.8</td>\n",
       "      <td>0.45</td>\n",
       "      <td>-10.7</td>\n",
       "      <td>13.0</td>\n",
       "      <td>15.8</td>\n",
       "    </tr>\n",
       "    <tr>\n",
       "      <th>5</th>\n",
       "      <td>-14.2</td>\n",
       "      <td>-14.55</td>\n",
       "      <td>-3.7</td>\n",
       "      <td>11.0</td>\n",
       "      <td>-4.2</td>\n",
       "    </tr>\n",
       "    <tr>\n",
       "      <th>6</th>\n",
       "      <td>12.8</td>\n",
       "      <td>-14.55</td>\n",
       "      <td>-9.7</td>\n",
       "      <td>6.0</td>\n",
       "      <td>-0.2</td>\n",
       "    </tr>\n",
       "    <tr>\n",
       "      <th>7</th>\n",
       "      <td>4.8</td>\n",
       "      <td>13.45</td>\n",
       "      <td>-10.7</td>\n",
       "      <td>-6.0</td>\n",
       "      <td>-20.2</td>\n",
       "    </tr>\n",
       "    <tr>\n",
       "      <th>8</th>\n",
       "      <td>17.8</td>\n",
       "      <td>19.45</td>\n",
       "      <td>8.3</td>\n",
       "      <td>14.0</td>\n",
       "      <td>4.8</td>\n",
       "    </tr>\n",
       "    <tr>\n",
       "      <th>9</th>\n",
       "      <td>-7.2</td>\n",
       "      <td>0.45</td>\n",
       "      <td>-6.7</td>\n",
       "      <td>-13.0</td>\n",
       "      <td>6.8</td>\n",
       "    </tr>\n",
       "    <tr>\n",
       "      <th>10</th>\n",
       "      <td>-3.2</td>\n",
       "      <td>18.45</td>\n",
       "      <td>-2.7</td>\n",
       "      <td>-23.0</td>\n",
       "      <td>1.8</td>\n",
       "    </tr>\n",
       "    <tr>\n",
       "      <th>11</th>\n",
       "      <td>16.8</td>\n",
       "      <td>-1.55</td>\n",
       "      <td>-10.7</td>\n",
       "      <td>-15.0</td>\n",
       "      <td>16.8</td>\n",
       "    </tr>\n",
       "    <tr>\n",
       "      <th>12</th>\n",
       "      <td>7.8</td>\n",
       "      <td>16.45</td>\n",
       "      <td>-3.7</td>\n",
       "      <td>-17.0</td>\n",
       "      <td>10.8</td>\n",
       "    </tr>\n",
       "    <tr>\n",
       "      <th>13</th>\n",
       "      <td>10.8</td>\n",
       "      <td>-10.55</td>\n",
       "      <td>-10.7</td>\n",
       "      <td>10.0</td>\n",
       "      <td>-17.2</td>\n",
       "    </tr>\n",
       "    <tr>\n",
       "      <th>14</th>\n",
       "      <td>13.8</td>\n",
       "      <td>-2.55</td>\n",
       "      <td>0.3</td>\n",
       "      <td>7.0</td>\n",
       "      <td>-19.2</td>\n",
       "    </tr>\n",
       "    <tr>\n",
       "      <th>15</th>\n",
       "      <td>9.8</td>\n",
       "      <td>-1.55</td>\n",
       "      <td>-8.7</td>\n",
       "      <td>-3.0</td>\n",
       "      <td>14.8</td>\n",
       "    </tr>\n",
       "    <tr>\n",
       "      <th>16</th>\n",
       "      <td>-5.2</td>\n",
       "      <td>-12.55</td>\n",
       "      <td>24.3</td>\n",
       "      <td>-7.0</td>\n",
       "      <td>8.8</td>\n",
       "    </tr>\n",
       "    <tr>\n",
       "      <th>17</th>\n",
       "      <td>13.8</td>\n",
       "      <td>-11.55</td>\n",
       "      <td>26.3</td>\n",
       "      <td>-2.0</td>\n",
       "      <td>-5.2</td>\n",
       "    </tr>\n",
       "    <tr>\n",
       "      <th>18</th>\n",
       "      <td>-20.2</td>\n",
       "      <td>22.45</td>\n",
       "      <td>-10.7</td>\n",
       "      <td>6.0</td>\n",
       "      <td>1.8</td>\n",
       "    </tr>\n",
       "    <tr>\n",
       "      <th>19</th>\n",
       "      <td>-20.2</td>\n",
       "      <td>3.45</td>\n",
       "      <td>-8.7</td>\n",
       "      <td>-12.0</td>\n",
       "      <td>-17.2</td>\n",
       "    </tr>\n",
       "  </tbody>\n",
       "</table>\n",
       "</div>"
      ],
      "text/plain": [
       "       0      1     2     3     4\n",
       "0    9.8  -4.55  -3.7  14.0  15.8\n",
       "1  -15.2  -9.55  -0.7  11.0  -3.2\n",
